
1 2 3 4 5 6 7 8

1 2 3 4 5 6   8
1 2 3 4 5   7 8
1 2 3 4   6 7 8
1 2 3   5 6 7 8
1 2   4 5 6 7 8
1   3 4 5 6 7 8


1 2 3 4   6   8
1 2 3   5   7 8
1 2   4   6 7 8
1   3   5 6 7 8


1 2   4   6   8
1   3   5   7 8


--> 1 + 6 + 4 + 2 = 13



不跳過
1 2 3 4 5 6 7

跳過1個數字
1 2 3 4 5   7 只跳過6
1 2 3 4   6 7 只跳過5
1 2 3   5 6 7 只跳過4
1 2   4 5 6 7 只跳過3
1   3 4 5 6 7 只跳過2

跳過2個數字
1 2 3   5   7 
1 2   4   6 7 
1   3   5 6 7 


跳過3個數字
1   3   5   7 


7:
1  +  5  +  3  +  1 = 10
不跳(跳1) (跳2) (跳3)
	(-2*1) (-2*2) (-2*3)           
6:
1  +  4  +  2 = 7
	(-2*1) (-2*2)				   
5:
1  +  3  +  1 = 5
	(-2*1) (-2*2)
4:
1  +  2 = 3
	(-2*1)
3:
1  +  1 = 2
	(-2*1)




2:
1



1 2 3
1 3





1 2 3 4

1 2   4
1   3 4











no skip
1 2 3 4 5 6

skip 1
1 2 3 4   6
1 2 3   5 6
1 2   4 5 6
1   3 4 5 6

skip 2 
1 2   4   6
1   3   5 6



skip 3 -> X
1 2 3 4 5 6
1 2 3 4 5 6
1 2 3 4 5 6
1 2 3 4 5 6
1 2 3 4 5 6
1 2 3 4 5 6
1 2 3 4 5 6




